2.2    -5336.543312656016    -5336.5758714541535
2.3000000000000003    -5336.627925555685    -5336.657530091154
2.4000000000000004    -5336.684804625123    -5336.714788979147
2.5    -5336.721111555036    -5336.751967257343
2.6    -5336.742271019081    -5336.773072849711
2.7    -5336.752356596553    -5336.783118509801
2.8000000000000003    -5336.754410912404    -5336.785140807561
2.9000000000000004    -5336.750699049197    -5336.781401501507
3.0    -5336.742903649287    -5336.773581128876
3.1    -5336.732272694568    -5336.762926290353
3.2    -5336.719730562564    -5336.750360435756
3.3000000000000003    -5336.70596119979    -5336.73656659826
3.4000000000000004    -5336.691470215859    -5336.722049661361
3.5    -5336.676631049549    -5336.707182302566
3.6000000000000005    -5336.661719176572    -5336.692239447321
3.7    -5336.6469374296685    -5336.677423373717
3.8000000000000003    -5336.632434756618    -5336.662882512664
3.9000000000000004    -5336.618320126461    -5336.648725361799
4.0    -5336.604672816519    -5336.635030772068
4.1000000000000005    -5336.591549960116    -5336.621855543131
4.2    -5336.5789919853105    -5336.609239897981
4.300000000000001    -5336.567026408527    -5336.597211377508
4.4    -5336.555670361209    -5336.585787148597
4.5    -5336.544932212354    -5336.5749757546355
4.6000000000000005    -5336.534812660108    -5336.564778524681
4.7    -5336.525305622826    -5336.555190430102
4.800000000000001    -5336.516399131795    -5336.5462006696935
4.9    -5336.508076270119    -5336.537793623405
5.0    -5336.500316106747    -5336.529949634024
5.1000000000000005    -5336.493094565396    -5336.5226457576055
5.2    -5336.486385203828    -5336.515856444934
5.300000000000001    -5336.480159910927    -5336.509554355755
5.4    -5336.474389538569    -5336.503710804946
5.5    -5336.469044477957    -5336.498296467352
5.6000000000000005    -5336.46409517939    -5336.493281921399
5.7    -5336.4595126063805    -5336.488638133894
5.800000000000001    -5336.455268615169    -5336.484336870927
5.9    -5336.451336253462    -5336.480351024827
6.0    -5336.447689978575    -5336.476654856148
6.1000000000000005    -5336.444305800199    -5336.473224152114
6.2    -5336.441161357448    -5336.470036321159
6.300000000000001    -5336.4382359414185    -5336.467070404187
6.4    -5336.435510475338    -5336.464307132025
6.5    -5336.43296746331    -5336.46172878799
6.6000000000000005    -5336.430590917331    -5336.45931918016
6.7    -5336.4283662704465    -5336.457063570932
6.800000000000001    -5336.426280282332    -5336.454948505627
6.9    -5336.424320941675    -5336.452961848227
7.000000000000001    -5336.422477368984    -5336.451092572463
7.1000000000000005    -5336.420739721793    -5336.449330704512
7.2    -5336.419099103933    -5336.447667229549
7.300000000000001    -5336.41754747969    -5336.446094004384
7.4    -5336.4160775934015    -5336.444603673332
7.500000000000001    -5336.414682894605    -5336.4431896020105
7.6000000000000005    -5336.413357468875    -5336.441845796214
7.7    -5336.4120959742095    -5336.440566836772
7.800000000000001    -5336.410893582759    -5336.439347830765
7.9    -5336.409745927722    -5336.438184351035
8.0    -5336.408649055177    -5336.437072388453
8.100000000000001    -5336.407599380495    -5336.436008300302
8.2    -5336.406593649158    -5336.43498879792
8.3    -5336.405628901588    -5336.4340108772385
8.4    -5336.404702441775    -5336.433071802602
8.5    -5336.40381180931    -5336.432169077488
8.600000000000001    -5336.402954754657    -5336.431300419338
8.7    -5336.402129217134    -5336.430463737179
8.8    -5336.401333305608    -5336.429657112019
8.9    -5336.400565281361    -5336.42887877942
9.0    -5336.399823543031    -5336.428127114301
9.100000000000001    -5336.399106613366    -5336.427400617416
9.2    -5336.398413127416    -5336.4266979033455
9.3    -5336.397741822248    -5336.426017690774
9.4    -5336.397091527677    -5336.425358796745
9.5    -5336.396461158104    -5336.424720107491
9.600000000000001    -5336.395849705257    -5336.424100605927
9.7    -5336.395256231572    -5336.423499342162
9.8    -5336.394679864384    -5336.422915433261
9.9    -5336.3941197905215    -5336.422348047114
10.0    -5336.393575251581    -5336.421796413576
10.100000000000001    -5336.3930455394875    -5336.421259818604
10.2    -5336.392529992504    -5336.420737590777
10.3    -5336.392027991602    -5336.420229096597
10.400000000000002    -5336.391538957089    -5336.419733748706
10.5    -5336.391062345547    -5336.41925100275
10.600000000000001    -5336.390597647044    -5336.418780331523
10.7    -5336.390144382488    -5336.418321260236
10.8    -5336.389702101301    -5336.417873323037
10.900000000000002    -5336.389270379225    -5336.4174360920315
11.0    -5336.388848816296    -5336.417009158879
11.100000000000001    -5336.388437035007    -5336.416592138533
11.2    -5336.388034678678    -5336.416184675833
11.3    -5336.38764140981    -5336.415786425831
11.400000000000002    -5336.38725690875    -5336.415397061439
11.5    -5336.386880872373    -5336.4150162764445
11.600000000000001    -5336.386513012872    -5336.414643781532
11.7    -5336.386153056708    -5336.4142792952625
11.8    -5336.385800743593    -5336.413922554826
11.900000000000002    -5336.385455825592    -5336.413573309446
12.0    -5336.385118066308    -5336.41323131777
12.100000000000001    -5336.3847872401    -5336.412896354457
12.2    -5336.384463130995    -5336.412568196124
12.3    -5336.384145533639    -5336.412246636477
12.400000000000002    -5336.383834250462    -5336.4119314779055
12.5    -5336.383529092497    -5336.411622522782
12.600000000000001    -5336.383229878642    -5336.411319593269
12.7    -5336.382936435196    -5336.411022509274
12.8    -5336.3826485954    -5336.410731102655
12.900000000000002    -5336.3823661991155    -5336.410445209763
13.0    -5336.382089092437    -5336.410164676274
13.100000000000001    -5336.381817127354    -5336.409889351664
13.2    -5336.381550161455    -5336.409619094237
13.3    -5336.38128805767    -5336.4093537615145
13.400000000000002    -5336.381030683955    -5336.409093218864
13.5    -5336.380777913127    -5336.4088373407985
13.600000000000001    -5336.380529622541    -5336.40858599904
13.7    -5336.380285693941    -5336.408339076108
13.8    -5336.380046013241    -5336.408096456033
13.900000000000002    -5336.379810470345    -5336.407858028838
14.0    -5336.379578958926    -5336.407623684414
