2.2    -2764.0391492346703    -2764.095632822701
2.3000000000000003    -2764.06085876026    -2764.117956157093
2.4000000000000004    -2764.071426568931    -2764.129072045635
2.5    -2764.074210779385    -2764.132356208745
2.6    -2764.0716191320175    -2764.130237376304
2.7    -2764.0653789690314    -2764.124465773436
2.8000000000000003    -2764.0567290871404    -2764.116306211356
2.9000000000000004    -2764.0465570158726    -2764.106679932521
3.0    -2764.035497678865    -2764.096273699764
3.1    -2764.024004326707    -2764.085631880421
3.2    -2764.0123993631005    -2764.07522478249
3.3000000000000003    -2764.000910565379    -2764.065414301993
3.4000000000000004    -2763.9896967674417    -2764.056416390023
3.5    -2763.9788660723307    -2764.0483488970926
3.6000000000000005    -2763.9684889281475    -2764.041841800749
3.7    -2763.958607786784    -2764.036371986601
3.8000000000000003    -2763.949244487674    -2764.0318690655054
3.9000000000000004    -2763.9404060109855    -2764.0282014199356
4.0    -2763.932088921749    -2764.025247414341
4.1000000000000005    -2763.9242826976756    -2764.022893724864
4.2    -2763.9169721230123    -2764.021036594294
4.300000000000001    -2763.910138946305    -2764.019584079265
4.4    -2763.9037629958684    -2764.0184572351236
4.5    -2763.8978229202135    -2764.017589551016
4.6000000000000005    -2763.892296683491    -2764.016926256901
4.7    -2763.8871619100373    -2764.0164228741223
4.800000000000001    -2763.882396141166    -2764.016043806398
4.9    -2763.877977043471    -2764.0157608753902
5.0    -2763.8738825899213    -2764.0155519054747
5.1000000000000005    -2763.870091223198    -2764.0153996137183
5.2    -2763.8665820027486    -2764.0152905668588
5.300000000000001    -2763.863334733745    -2764.015214405596
5.4    -2763.860330074673    -2764.0151631092335
5.5    -2763.857549621196    -2764.015130557847
5.6000000000000005    -2763.8549759653674    -2764.0151120350056
5.7    -2763.852592730824    -2764.0151040669566
5.800000000000001    -2763.850384585764    -2764.0151037419037
5.9    -2763.848337237075    -2764.0151090627846
6.0    -2763.846437408775    -2764.0151184246424
6.1000000000000005    -2763.8446728084014    -2764.015130725714
6.2    -2763.8430320848597    -2764.0151450347366
6.300000000000001    -2763.8415047805042    -2764.0151607352873
6.4    -2763.840081280116    -2764.015177247135
6.5    -2763.838752758516    -2764.015194256442
6.6000000000000005    -2763.837511128442    -2764.015211464221
6.7    -2763.8363489895673    -2764.0152286995917
6.800000000000001    -2763.835259579319    -2764.015245787892
6.9    -2763.8342367259884    -2764.015262650424
7.000000000000001    -2763.833274804069    -2764.015279187114
7.1000000000000005    -2763.832368692073    -2764.0152953614343
7.2    -2763.831513732682    -2764.0153111228533
7.300000000000001    -2763.830705695109    -2764.0153264597175
7.4    -2763.829940739718    -2764.0153413437647
7.500000000000001    -2763.829215384678    -2764.0153557825092
7.6000000000000005    -2763.8285264746173    -2764.0153697596884
7.7    -2763.8278711513267    -2764.0153832890405
7.800000000000001    -2763.8272468263362    -2764.01539636643
7.9    -2763.8266511553848    -2764.0154090066203
8.0    -2763.8260820148535    -2764.0154212135794
8.100000000000001    -2763.825537479968    -2764.0154330007767
8.2    -2763.8250158048186    -2764.01544437531
8.3    -2763.824515404153    -2764.0154553534703
8.4    -2763.8240348368727    -2764.0154659456352
8.5    -2763.8235727910974    -2764.015476164347
8.600000000000001    -2763.8231280707378    -2764.01548602604
8.7    -2763.8226995835553    -2764.015495537871
8.8    -2763.8222863303995    -2764.0155047161543
8.9    -2763.821887395754    -2764.0155135734212
9.0    -2763.821501939257    -2764.015522120123
9.100000000000001    -2763.8211291882844    -2764.0155303694482
9.2    -2763.8207684312983    -2764.0155383318256
9.3    -2763.820419012006    -2764.015546020063
9.4    -2763.820080324155    -2764.0155534431756
9.5    -2763.81975180694    -2764.015560613932
9.600000000000001    -2763.819432940901    -2764.015567539143
9.7    -2763.8191232442437    -2764.015574230584
9.8    -2763.8188222695626    -2764.0155806957764
9.9    -2763.8185296009015    -2764.015586945493
10.0    -2763.818244851095    -2764.015592986161
10.100000000000001    -2763.81796765935    -2764.0155988280235
10.2    -2763.8176976890877    -2764.0156044764176
10.3    -2763.81743462594    -2764.015609941682
10.400000000000002    -2763.8171781759547    -2764.015615228277
10.5    -2763.8169280639454    -2764.0156203454403
10.600000000000001    -2763.816684032003    -2764.0156252973875
10.7    -2763.816445838064    -2764.0156300927997
10.8    -2763.816213254701    -2764.0156347352104
10.900000000000002    -2763.8159860679616    -2764.015639232851
11.0    -2763.8157640762815    -2764.015643588778
11.100000000000001    -2763.8155470895417    -2764.015647810626
11.2    -2763.8153349281984    -2764.0156519011684
11.3    -2763.815127422439    -2764.0156558674125
11.400000000000002    -2763.8149244114716    -2764.0156597118817
11.5    -2763.8147257428495    -2764.015663441024
11.600000000000001    -2763.8145312718443    -2764.0156670557235
11.7    -2763.814340860899    -2764.0156705662394
11.8    -2763.8141543791066    -2764.0156739690196
11.900000000000002    -2763.8139717017616    -2764.0156772727896
12.0    -2763.813792709908    -2764.015680479698
12.100000000000001    -2763.8136172899895    -2764.0156835934176
12.2    -2763.813445333468    -2764.015686616942
12.3    -2763.813276736501    -2764.015689553733
12.400000000000002    -2763.813111399679    -2764.015692406678
12.5    -2763.812949203055    -2764.0156951787144
12.600000000000001    -2763.8127901288044    -2764.0156978725795
12.7    -2763.812634016461    -2764.015700490995
12.8    -2763.8124808052753    -2764.0157030365212
12.900000000000002    -2763.812330414606    -2764.0157055116288
13.0    -2763.812182766587    -2764.015707918686
13.100000000000001    -2763.812037786281    -2764.015710259978
13.2    -2763.8118954015144    -2764.0157125376886
13.3    -2763.8117555427757    -2764.015714753934
13.400000000000002    -2763.811618143049    -2764.015716910728
13.5    -2763.8114831377284    -2764.0157190100226
13.600000000000001    -2763.811350464477    -2764.015721053698
13.7    -2763.811220063128    -2764.015723043562
13.8    -2763.811091875615    -2764.015724981354
13.900000000000002    -2763.810965845831    -2764.015726868759
14.0    -2763.8108419195637    -2764.0157287073293
