2.2    -2764.039149234672    -2764.0577821412667
2.3000000000000003    -2764.0608587602583    -2764.0791185723765
2.4000000000000004    -2764.071426568932    -2764.0890269660767
2.5    -2764.0742107793885    -2764.0910528147815
2.6    -2764.071619132021    -2764.087646398947
2.7    -2764.0653789690323    -2764.080561317478
2.8000000000000003    -2764.056729087139    -2764.0711323511377
2.9000000000000004    -2764.046557015875    -2764.060189354922
3.0    -2764.0354976788662    -2764.0484062837504
3.1    -2764.024004326709    -2764.0362534743526
3.2    -2764.0123993631037    -2764.024043828748
3.3000000000000003    -2764.000910565381    -2764.011985696952
3.4000000000000004    -2763.9896967674426    -2764.0002603302964
3.5    -2763.9788660723298    -2763.9889079788422
3.6000000000000005    -2763.9684889281475    -2763.9780185088025
3.7    -2763.958607786788    -2763.9676351369626
3.8000000000000003    -2763.9492444876723    -2763.957768716136
3.9000000000000004    -2763.9404060109846    -2763.9484244997657
4.0    -2763.9320889217465    -2763.9395967363
4.1000000000000005    -2763.9242826976765    -2763.931291495498
4.2    -2763.916972123017    -2763.9234754036597
4.300000000000001    -2763.9101389463    -2763.916139460048
4.4    -2763.9037629958693    -2763.90926214861
4.5    -2763.8978229202116    -2763.9028202256677
4.6000000000000005    -2763.8922966834944    -2763.8968197623626
4.7    -2763.8871619100364    -2763.8912093606637
4.800000000000001    -2763.8823961411645    -2763.8859632847502
4.9    -2763.877977043474    -2763.8810716730623
5.0    -2763.8738825899227    -2763.8765133826955
5.1000000000000005    -2763.870091223196    -2763.872267471944
5.2    -2763.866582002747    -2763.8683201618555
5.300000000000001    -2763.863334733747    -2763.864640159959
5.4    -2763.8603300746727    -2763.8612081787924
5.5    -2763.857549621198    -2763.8580091894846
5.6000000000000005    -2763.8549759653656    -2763.855034847837
5.7    -2763.852592730824    -2763.8522574060917
5.800000000000001    -2763.850384585764    -2763.849665696613
5.9    -2763.848337237077    -2763.8472453360764
6.0    -2763.846437408777    -2763.844981605977
6.1000000000000005    -2763.844672808404    -2763.842862392768
6.2    -2763.8430320848574    -2763.8408786820614
6.300000000000001    -2763.841504780505    -2763.839021988026
6.4    -2763.8400812801196    -2763.8372733239253
6.5    -2763.838752758519    -2763.8356284450924
6.6000000000000005    -2763.837511128442    -2763.8340779845735
6.7    -2763.836348989563    -2763.832614509154
6.800000000000001    -2763.835259579319    -2763.8312346500893
6.9    -2763.83423672599    -2763.8299231547594
7.000000000000001    -2763.8332748040707    -2763.8286880088717
7.1000000000000005    -2763.832368692074    -2763.8275081981997
7.2    -2763.8315137326795    -2763.8263936022663
7.300000000000001    -2763.8307056951066    -2763.8253291125516
7.4    -2763.8299407397194    -2763.824313979088
7.500000000000001    -2763.8292153846783    -2763.8233410772
7.6000000000000005    -2763.8285264746196    -2763.822418025801
7.7    -2763.82787115133    -2763.8215281429634
7.800000000000001    -2763.827246826336    -2763.820679566141
7.9    -2763.8266511553848    -2763.8198607037452
8.0    -2763.8260820148575    -2763.819077243587
8.100000000000001    -2763.82553747997    -2763.818321881247
8.2    -2763.8250158048195    -2763.817594139764
8.3    -2763.82451540415    -2763.816892263886
8.4    -2763.8240348368736    -2763.8162151092333
8.5    -2763.823572791097    -2763.815559482889
8.600000000000001    -2763.8231280707396    -2763.8149278845826
8.7    -2763.8226995835576    -2763.814315289231
8.8    -2763.8222863303986    -2763.8137205946027
8.9    -2763.821887395756    -2763.813147316647
9.0    -2763.8215019392564    -2763.8125886762014
9.100000000000001    -2763.8211291882835    -2763.8120482022837
9.2    -2763.820768431301    -2763.811522289296
9.3    -2763.820419012005    -2763.8110113707394
9.4    -2763.8200803241543    -2763.810514566982
9.5    -2763.8197518069446    -2763.810029982704
9.600000000000001    -2763.819432940902    -2763.8095608250937
9.7    -2763.819123244244    -2763.809101432003
9.8    -2763.8188222695658    -2763.8086558909704
9.9    -2763.8185296008987    -2763.8082204300704
10.0    -2763.8182448510943    -2763.807794992677
10.100000000000001    -2763.8179676593477    -2763.80738106815
10.2    -2763.8176976890854    -2763.806976659862
10.3    -2763.8174346259407    -2763.80658170567
10.400000000000002    -2763.8171781759565    -2763.8061951884674
10.5    -2763.8169280639454    -2763.8058178101505
10.600000000000001    -2763.8166840320014    -2763.805449787365
10.7    -2763.81644583806    -2763.805089064731
10.8    -2763.816213254704    -2763.8047355231497
10.900000000000002    -2763.8159860679607    -2763.8043890133604
11.0    -2763.8157640762815    -2763.8040535994433
11.100000000000001    -2763.8155470895395    -2763.8037220658302
11.2    -2763.8153349281956    -2763.8033979816164
11.3    -2763.8151274224383    -2763.803081898016
11.400000000000002    -2763.8149244114734    -2763.802771268518
11.5    -2763.8147257428473    -2763.802466653155
11.600000000000001    -2763.8145312718443    -2763.802168069919
11.7    -2763.8143408609017    -2763.80187482954
11.8    -2763.81415437911    -2763.8015880270013
11.900000000000002    -2763.8139717017625    -2763.8013061716088
12.0    -2763.8137927099096    -2763.801030261851
12.100000000000001    -2763.8136172899863    -2763.8007592528243
12.2    -2763.8134453334624    -2763.800492839151
12.3    -2763.8132767365028    -2763.800232037266
12.400000000000002    -2763.813111399676    -2763.799975644851
12.5    -2763.812949203056    -2763.799723827281
12.600000000000001    -2763.8127901288035    -2763.799476252871
12.7    -2763.8126340164604    -2763.799233590207
12.8    -2763.8124808052767    -2763.7989946682105
12.900000000000002    -2763.812330414605    -2763.7987603151378
13.0    -2763.812182766588    -2763.7985296195784
13.100000000000001    -2763.8120377862783    -2763.7983031900917
13.2    -2763.8118954015185    -2763.798080193174
13.3    -2763.811755542777    -2763.7978612275274
13.400000000000002    -2763.811618143052    -2763.7976459788883
13.5    -2763.8114831377275    -2763.7974338926847
13.600000000000001    -2763.8113504644825    -2763.7972249978807
13.7    -2763.811220063127    -2763.797020332282
13.8    -2763.8110918756133    -2763.7968189107796
13.900000000000002    -2763.81096584583    -2763.796620089419
14.0    -2763.810841919564    -2763.7964245217454
