2.2    -383.54235015094605    -383.6410558212667
2.3000000000000003    -383.57804991701863    -383.6789257302906
2.4000000000000004    -383.59949781707434    -383.7025854584815
2.5    -383.6111028348265    -383.71665027775026
2.6    -383.6159312026892    -383.72477784159656
2.7    -383.61612706149407    -383.7340674951134
2.8000000000000003    -383.61319554371875    -383.7409579329347
2.9000000000000004    -383.6081956836148    -383.7443690341303
3.0    -383.6018732375201    -383.7452194083772
3.1    -383.59475290124027    -383.74422266637725
3.2    -383.5872027738612    -383.7419320921362
3.3000000000000003    -383.5794796770002    -383.7387763304323
3.4000000000000004    -383.57176117360007    -383.7350877827548
3.5    -383.564168291413    -383.73112416509866
3.6000000000000005    -383.5567817138619    -383.7270842455753
3.7    -383.549653353913    -383.7231194547703
3.8000000000000003    -383.5428146470159    -383.7193422413086
3.9000000000000004    -383.53628250196573    -383.7158319829036
4.0    -383.5300635749185    -383.7126395659958
4.1000000000000005    -383.5241573417003    -383.7097912056605
4.2    -383.51855830938297    -383.7072920673135
4.300000000000001    -383.51325761207386    -383.7051307103623
4.4    -383.5082441662856    -383.70328366207326
4.5    -383.5035055102874    -383.7017202160242
4.6000000000000005    -383.4990284152815    -383.70040660886355
4.7    -383.49479932961816    -383.69930909564073
4.800000000000001    -383.49080469927804    -383.69839599895346
4.9    -383.48703119534525    -383.69763875455226
5.0    -383.48346587118914    -383.6970123051889
5.1000000000000005    -383.48009626661525    -383.6964951038652
5.2    -383.4769104723924    -383.6960687990872
5.300000000000001    -383.4738971656925    -383.6957179456848
5.4    -383.47104562450915    -383.6954295848768
5.5    -383.4683457271702    -383.69519288812836
5.6000000000000005    -383.46578794145336    -383.694998852277
5.7    -383.4633633065836    -383.6948399930108
5.800000000000001    -383.46106341051967    -383.69471009259854
5.9    -383.4588803643073    -383.6946040274069
6.0    -383.45680677501076    -383.6945175300899
6.1000000000000005    -383.4548357178626    -383.6944470978478
6.2    -383.4529607089582    -383.69438983271755
6.300000000000001    -383.45117567865896    -383.69434334512613
6.4    -383.4494749462037    -383.6943056657135
6.5    -383.447853195744    -383.6942751759558
6.6000000000000005    -383.4463054538613    -383.6942505401932
6.7    -383.44482706857    -383.6942306667926
6.800000000000001    -383.4434136897234    -383.69421465383175
6.9    -383.4420612507114    -383.6942017581442
7.000000000000001    -383.44076595136534    -383.6941913824201
7.1000000000000005    -383.43952424188285    -383.6941830304586
7.2    -383.438332807715    -383.69417629160444
7.300000000000001    -383.43718855539123    -383.6941708407357
7.4    -383.43608859893766    -383.69416641448026
7.500000000000001    -383.4350302471968    -383.69416278869795
7.6000000000000005    -383.43401099173076    -383.6941598003754
7.7    -383.43302849533023    -383.6941572958758
7.800000000000001    -383.4320805811483    -383.69415517098935
7.9    -383.43116522236875    -383.6941533304732
8.0    -383.4302805324126    -383.69415171813927
8.100000000000001    -383.4294247556626    -383.6941502572293
8.2    -383.4285962586798    -383.6941489190329
8.3    -383.42779352189615    -383.6941476575674
8.4    -383.4270151317689    -383.6941464508105
8.5    -383.4262597733837    -383.6941452808244
8.600000000000001    -383.4255262234852    -383.694144127546
8.7    -383.42481334393403    -383.6941429890185
8.8    -383.42412007555566    -383.69414184179533
8.9    -383.42344543238903    -383.6941406908746
9.0    -383.4227884962969    -383.69413952581647
9.100000000000001    -383.42214841194374    -383.69413834745956
9.2    -383.42152438211343    -383.69413715448263
9.3    -383.4209156633457    -383.6941359477214
9.4    -383.4203215618968    -383.69413472628275
9.5    -383.41974142996077    -383.6941334910073
9.600000000000001    -383.4191746622602    -383.69413224414023
9.7    -383.4186206927265    -383.6941309856098
9.8    -383.41807899159215    -383.69412971823687
9.9    -383.4175490626245    -383.69412844332663
10.0    -383.41703044059085    -383.69412716307124
10.100000000000001    -383.41652268891994    -383.6941258773838
10.2    -383.416025397542    -383.6941245883491
10.3    -383.4155381809091    -383.69412329517843
10.400000000000002    -383.41506067615336    -383.69412200769824
10.5    -383.4145925414119    -383.69412071633815
10.600000000000001    -383.41413345426554    -383.69411942458737
10.7    -383.41368311030885    -383.69411813832903
10.8    -383.41324122184    -383.6941168522459
10.900000000000002    -383.4128075166354    -383.6941155723262
11.0    -383.41238173683996    -383.6941142947822
11.100000000000001    -383.411963637932    -383.69411302542534
11.2    -383.4115529877798    -383.69411175946396
11.3    -383.4111495657601    -383.69411050152473
11.400000000000002    -383.4107531619595    -383.69410924900967
11.5    -383.4103635764264    -383.6941080032646
11.600000000000001    -383.40998061849365    -383.69410676870336
11.7    -383.40960410614247    -383.69410553986677
11.8    -383.40923386542414    -383.6941043191783
11.900000000000002    -383.4088697299289    -383.6941031110858
12.0    -383.4085115402895    -383.69410191009854
12.100000000000001    -383.40815914372916    -383.6941007176964
12.2    -383.40781239364446    -383.6940995347074
12.3    -383.40747114921913    -383.69409836140187
12.400000000000002    -383.40713527506955    -383.69409720036043
12.5    -383.4068046409217    -383.694096047858
12.600000000000001    -383.40647912130635    -383.69409490553323
12.7    -383.4061585952211    -383.6940937735457
12.8    -383.40584294616303    -383.69409265201523
12.900000000000002    -383.40553206135394    -383.694091541033
13.0    -383.40522583204665    -383.6940904443218
13.100000000000001    -383.4049241530305    -383.69408935541463
13.2    -383.40462692255414    -383.6940882771486
13.3    -383.40433404211814    -383.69408720958387
13.400000000000002    -383.4040454163278    -383.6940861527342
13.5    -383.40376095274115    -383.6940851065974
13.600000000000001    -383.4034805617338    -383.6940840711586
13.7    -383.4032041563704    -383.6940830463928
13.8    -383.402931652285    -383.69408203226527
13.900000000000002    -383.40266296757466    -383.6940810287314
14.0    -383.4023980226899    -383.69408004613155
