2.2    -784.8375449638038    -784.9304965220158
2.3000000000000003    -784.9725532387329    -785.0561654109414
2.4000000000000004    -785.0696168683759    -785.150549160088
2.5    -785.137992995267    -785.2171547214331
2.6    -785.184721148392    -785.2624722187074
2.7    -785.2151573630465    -785.291738935019
2.8000000000000003    -785.2333768854623    -785.3089953632914
2.9000000000000004    -785.2424791666431    -785.3173280822097
3.0    -785.2448199471688    -785.3190838630517
3.1    -785.2421884737516    -785.316042120106
3.2    -785.2359430667098    -785.3095511183994
3.3000000000000003    -785.2271147466261    -785.3006340407425
3.4000000000000004    -785.2164861764435    -785.2900708983937
3.5    -785.2046515618632    -785.2784613624885
3.6000000000000005    -785.1920620297685    -785.2662735392253
3.7    -785.1790600621206    -785.2538836090499
3.8000000000000003    -785.1659057022517    -785.2416096438164
3.9000000000000004    -785.1527965197929    -785.2297340380228
4.0    -785.1398827674876    -785.218509686099
4.1000000000000005    -785.1272787772059    -785.208182385503
4.2    -785.1150713781782    -785.1990549345147
4.300000000000001    -785.1033259409556    -785.1914708865315
4.4    -785.0920905494987    -785.1854504407883
4.5    -785.081398788613    -785.1807876027251
4.6000000000000005    -785.0712716690977    -785.1773598034601
4.7    -785.0617191925926    -785.1786491913953
4.800000000000001    -785.0527418947522    -785.1782913526798
4.9    -785.0443324547375    -785.1779946196554
5.0    -785.0364772781329    -785.1777450730094
5.1000000000000005    -785.0291579264359    -785.1775329752065
5.2    -785.0223523294076    -785.1773511118056
5.300000000000001    -785.016035786692    -785.1771939956252
5.4    -785.0101818001964    -785.177057379994
5.5    -785.0047627798232    -785.1769379376882
5.6000000000000005    -784.9997506509222    -785.1768329910491
5.7    -784.9951173765782    -785.1767403576582
5.800000000000001    -784.9908353984413    -785.1766582630938
5.9    -784.986877995856    -785.1765852224817
6.0    -784.9832195648032    -785.1765200041702
6.1000000000000005    -784.9798358201069    -785.1764615668088
6.2    -784.9767039280026    -785.1764090221163
6.300000000000001    -784.9738025782642    -785.176361622714
6.4    -784.9711120063052    -785.1763187335469
6.5    -784.968613975823    -785.1762798092282
6.6000000000000005    -784.9662917320248    -785.1762443808595
6.7    -784.964129933956    -785.1762120561065
6.800000000000001    -784.962114573696    -785.1761824804946
6.9    -784.9602328879931    -785.1761553611775
7.000000000000001    -784.9584732670498    -785.1761304390403
7.1000000000000005    -784.9568251637116    -785.176107487211
7.2    -784.9552790053484    -785.1760863087788
7.300000000000001    -784.9538261099331    -785.1760667269178
7.4    -784.952458607162    -785.1760485915182
7.500000000000001    -784.9511693650196    -785.1760317611983
7.6000000000000005    -784.9499519218983    -785.1760161304616
7.7    -784.9488004241325    -785.1760015739512
7.800000000000001    -784.9477095687453    -785.1759880027961
7.9    -784.9466745510788    -785.175975332009
8.0    -784.9456910169798    -785.1759635000786
8.100000000000001    -784.9447550192422    -785.175952409702
8.2    -784.9438629779207    -785.1759420103892
8.3    -784.9430116442861    -785.1759322462731
8.4    -784.9421980680982    -785.1759230727247
8.5    -784.9414195679456    -785.1759144329959
8.600000000000001    -784.9406737044137    -785.1759062924344
8.7    -784.9399582558656    -785.1758986073054
8.8    -784.9392711965988    -785.1758913443634
8.9    -784.9386106772366    -785.1758844753458
9.0    -784.9379750070683    -785.1758779660579
9.100000000000001    -784.9373626382719    -785.1758717932659
9.2    -784.936772151777    -785.1758659301089
9.3    -784.9362022446228    -785.1758603562535
9.4    -784.9356517186991    -785.1758550498228
9.5    -784.9351194706667    -785.1758499926095
9.600000000000001    -784.9346044829917    -785.1758451675126
9.7    -784.9341058159389    -785.1758405613358
9.8    -784.9336226004167    -785.1758361559956
9.9    -784.9331540315948    -785.1758319399644
10.0    -784.9326993631751    -785.1758279022184
10.100000000000001    -784.9322579022767    -785.1758240296508
10.2    -784.9318290048216    -785.1758203128269
10.3    -784.9314120713964    -785.1758167424078
10.400000000000002    -784.9310065435088    -785.1758133097484
10.5    -784.9306119002035    -785.1758100068637
10.600000000000001    -784.9302276549986    -785.175806825834
10.7    -784.9298533530996    -785.1758037609122
10.8    -784.9294885688698    -785.1758008052058
10.900000000000002    -784.9291329035136    -785.1757979521169
11.0    -784.9287859829705    -785.1757951970562
11.100000000000001    -784.9284474552877    -785.1757925371147
11.2    -784.9281169916388    -785.1757899621124
11.3    -784.9277942805443    -785.1757874708479
11.400000000000002    -784.9274790291518    -785.1757850582038
11.5    -784.9271709611952    -785.1757827211027
11.600000000000001    -784.9268698157535    -785.1757804552074
11.7    -784.9265753461025    -785.1757782572521
11.8    -784.9262873186696    -785.1757761248637
11.900000000000002    -784.9260055120843    -785.1757740538691
12.0    -784.9257297162844    -785.1757720423851
12.100000000000001    -784.9254597317286    -785.1757700869327
12.2    -784.9251953686461    -785.1757681852433
12.3    -784.9249364463695    -785.1757663349705
12.400000000000002    -784.9246827927134    -785.1757645377128
12.5    -784.9244342434113    -785.1757627843219
12.600000000000001    -784.9241906415959    -785.1757610763743
12.7    -784.9239518373179    -785.1757594114937
12.8    -784.9237176848242    -785.1757577880902
12.900000000000002    -784.9234880535626    -785.1757562044952
13.0    -784.9232628029959    -785.1757546596544
13.100000000000001    -784.9230418155312    -785.1757531512263
13.2    -784.9228249614432    -785.1757516781005
13.3    -784.9226121309451    -785.1757502389312
13.400000000000002    -784.9224032095298    -785.1757488329237
13.5    -784.922198089859    -785.1757474580779
13.600000000000001    -784.9219966683931    -785.1757461135363
13.7    -784.9217988454418    -785.1757447982042
13.8    -784.9216045249682    -785.1757435110401
13.900000000000002    -784.9214136144075    -785.1757422516649
14.0    -784.9212260245014    -785.1757410180837
