2.2    -39.269601700733915    -39.35072213057802
2.3000000000000003    -39.3712479226116    -39.453035328907994
2.4000000000000004    -39.44787028665969    -39.53008366770425
2.5    -39.50558659711346    -39.588057130691716
2.6    -39.54906035958183    -39.63167538075197
2.7    -39.581845638640345    -39.66452998255453
2.8000000000000003    -39.606646074188845    -39.68934751972133
2.9000000000000004    -39.62551326725121    -39.70819262347666
3.0    -39.639997034874824    -39.72262230795344
3.1    -39.65125890983843    -39.73380281907126
3.2    -39.66015937766757    -39.74259913800808
3.3000000000000003    -39.667326880465296    -39.74964499313886
3.4000000000000004    -39.67321346958519    -39.75539849674959
3.5    -39.67813958002778    -39.76018635353667
3.6000000000000005    -39.6823293468147    -39.76423853016655
3.7    -39.685937778638845    -39.76771493124925
3.8000000000000003    -39.68907123103631    -39.770725620139814
3.9000000000000004    -39.69180258898483    -39.773345918479286
4.0    -39.69418236135036    -39.77562759047204
4.1000000000000005    -39.696246633740586    -39.7776069699065
4.2    -39.69802261058447    -39.779310733025056
4.300000000000001    -39.69953232598975    -39.78075986607071
4.4    -39.70079499615611    -39.78197224510099
4.5    -39.70182840125704    -39.782964212081104
4.6000000000000005    -39.70264960783127    -39.78375143388111
4.7    -39.70327527073554    -39.784349290376035
4.800000000000001    -39.703721688884265    -39.784772978288544
4.9    -39.70400473449732    -39.78503744382696
5.0    -39.70413973240976    -39.78515725810448
5.1000000000000005    -39.70414133527279    -39.78514646821894
5.2    -39.70402341806741    -39.785018467162196
5.300000000000001    -39.70379900211677    -39.78478589487661
5.4    -39.7034802101646    -39.78446056884993
5.5    -39.70307824971399    -39.78405345109589
5.6000000000000005    -39.70260341979177    -39.783574640773296
5.7    -39.70206513578419    -39.783033388504535
5.800000000000001    -39.70147196727598    -39.78243812445597
5.9    -39.70083168451567    -39.781796502842006
6.0    -39.70015130994844    -39.78111544139597
6.1000000000000005    -39.699437172061984    -39.780401180441565
6.2    -39.69869495950473    -39.77965932770367
6.300000000000001    -39.69792977403378    -39.77889491338442
6.4    -39.69714618131835    -39.77811243763365
6.5    -39.69634825899028    -39.777315918394635
6.6000000000000005    -39.69553964159494    -39.77650894002098
6.7    -39.69472356229596    -39.77569468589965
6.800000000000001    -39.693902891312746    -39.774875982586
6.9    -39.693080171165946    -39.77405533419542
7.000000000000001    -39.692257648863915    -39.77323495377587
7.1000000000000005    -39.691437305198136    -39.772416792242595
7.2    -39.69062088134018    -39.77160256563809
7.300000000000001    -39.689809902935956    -39.7707937783903
7.4    -39.689005701900086    -39.769991739302505
7.500000000000001    -39.688209436104295    -39.76919760828532
7.6000000000000005    -39.68742210714799    -39.76841235544627
7.7    -39.68664457638794    -39.767636852356794
7.800000000000001    -39.685877579389874    -39.76687181174074
7.9    -39.685121738954834    -39.76611786783094
8.0    -39.6843775768608    -39.76537552509208
8.100000000000001    -39.683645524441815    -39.76464522776622
8.2    -39.68292593212142    -39.76392731234819
8.3    -39.682219078013674    -39.763222070621616
8.4    -39.681525175655864    -39.76252970453373
8.5    -39.68084438099793    -39.7618503828201
8.600000000000001    -39.68017679869446    -39.761184204149
8.7    -39.679522487777746    -39.76053123155941
8.8    -39.678881466775366    -39.759891485335785
8.9    -39.67825371832398    -39.75926495006145
9.0    -39.67763919333157    -39.75865157833
9.100000000000001    -39.6770378147331    -39.758051294963686
9.2    -39.67644948087802    -39.75746400003817
9.3    -39.6758740685893    -39.75688957212872
9.4    -39.67531143592306    -39.75632787105057
9.5    -39.674761424661504    -39.75577874028696
9.600000000000001    -39.67422386256325    -39.755242006070084
9.7    -39.67369856539553    -39.75471749555154
9.8    -39.67318533877073    -39.75420500349002
9.9    -39.67268397980395    -39.75370433996154
10.0    -39.67219427861119    -39.75321528782482
10.100000000000001    -39.67171601966169    -39.75273763910485
10.2    -39.67124898299924    -39.75227117412311
10.3    -39.67079294534419    -39.75181567092552
10.400000000000002    -39.67034768108734    -39.75137090578192
10.5    -39.669912963184665    -39.750936653426066
10.600000000000001    -39.66948856396354    -39.750512687953815
10.7    -39.669074255844585    -39.75009878352067
10.8    -39.66866981199017    -39.74969471502931
10.900000000000002    -39.668275006881125    -39.74930025863339
11.0    -39.667889616830365    -39.74891519220845
11.100000000000001    -39.66751342043632    -39.748539296209685
11.2    -39.66714619897958    -39.748172353217704
11.3    -39.666787736768214    -39.74781414910328
11.400000000000002    -39.66643782143247    -39.747464465780844
11.5    -39.666096244174305    -39.74712311557275
11.600000000000001    -39.66576279997111    -39.746789870556185
11.7    -39.66543728773985    -39.74646455540055
11.8    -39.66511951046032    -39.746146949575646
11.900000000000002    -39.664809275261895    -39.74583688406237
12.0    -39.66450639347546    -39.7455341500896
12.100000000000001    -39.66421068065363    -39.74523858426534
12.2    -39.66392195655965    -39.744949988301016
12.3    -39.66364004513117    -39.74466820500594
12.400000000000002    -39.66336477441787    -39.74439304622997
12.5    -39.66309597649948    -39.744124349790425
12.600000000000001    -39.66283348738407    -39.743861973140056
12.7    -39.662577146893305    -39.74360572603369
12.8    -39.66232679853437    -39.7433554627855
12.900000000000002    -39.66208228936558    -39.743111048552585
13.0    -39.66184346985588    -39.742872308983024
13.100000000000001    -39.6616101937437    -39.74263910645791
13.2    -39.66138231789708    -39.74241131401597
13.3    -39.661159702177834    -39.74218876895421
13.400000000000002    -39.66094220930927    -39.74197134834614
13.5    -39.66072970477153    -39.741758910072775
13.600000000000001    -39.66052205666934    -39.741551325242845
13.7    -39.6603191356516    -39.741348471667905
13.8    -39.66012081482231    -39.741150212146835
13.900000000000002    -39.65992696967031    -39.7409564260659
14.0    -39.659737478013085    -39.740766992953084
