2.2    -39.26960170073405    -39.32449167970797
2.3000000000000003    -39.37124792261153    -39.42603961720117
2.4000000000000004    -39.44787028665964    -39.50259262562735
2.5    -39.505586597113506    -39.56024646155146
2.6    -39.54906035958179    -39.60366318758228
2.7    -39.581845638640345    -39.63639718702274
2.8000000000000003    -39.60664607418886    -39.66115070477504
2.9000000000000004    -39.62551326725109    -39.67997241574037
3.0    -39.63999703487484    -39.69440887905795
3.1    -39.65125890983841    -39.70561907803039
3.2    -39.660159377667526    -39.714462496408075
3.3000000000000003    -39.66732688046531    -39.721568289377885
3.4000000000000004    -39.67321346958515    -39.72739052880126
3.5    -39.67813958002777    -39.732252281336926
3.6000000000000005    -39.68232934681471    -39.73638036010753
3.7    -39.68593777863884    -39.739932052514305
3.8000000000000003    -39.68907123103632    -39.74301538138667
3.9000000000000004    -39.69180258898482    -39.7457041916371
4.0    -39.69418236135037    -39.74804931171872
4.1000000000000005    -39.69624663374055    -39.750086613795126
4.2    -39.69802261058444    -39.751842689976016
4.300000000000001    -39.699532325989665    -39.75333871527493
4.4    -39.70079499615606    -39.754592929536194
4.5    -39.701828401257075    -39.755622130248625
4.6000000000000005    -39.702649607831226    -39.75644247057588
4.7    -39.70327527073552    -39.757069802065885
4.800000000000001    -39.703721688884244    -39.75751975339128
4.9    -39.7040047344973    -39.75780765748694
5.0    -39.70413973240973    -39.75794841930396
5.1000000000000005    -39.704141335272745    -39.75795637279986
5.2    -39.70402341806737    -39.757845156368326
5.300000000000001    -39.703799002116796    -39.757627618193226
5.4    -39.7034802101646    -39.75731575794778
5.5    -39.70307824971399    -39.75692069853635
5.6000000000000005    -39.70260341979173    -39.756452675938796
5.7    -39.7020651357842    -39.75592106251091
5.800000000000001    -39.70147196727598    -39.75533439989529
5.9    -39.70083168451572    -39.75470043880321
6.0    -39.70015130994842    -39.754026189255384
6.1000000000000005    -39.69943717206195    -39.75331796909192
6.2    -39.69869495950473    -39.75258146271488
6.300000000000001    -39.69792977403374    -39.75182176624111
6.4    -39.69714618131835    -39.75104344380325
6.5    -39.69634825899029    -39.75025057059324
6.6000000000000005    -39.69553964159497    -39.74944677991127
6.7    -39.694723562295934    -39.74863530377839
6.800000000000001    -39.69390289131276    -39.747819014215935
6.9    -39.693080171165974    -39.74700045431301
7.000000000000001    -39.69225764886387    -39.74618187278043
7.1000000000000005    -39.69143730519816    -39.745365253545266
7.2    -39.69062088134015    -39.74455233911115
7.300000000000001    -39.68980990293592    -39.74374466778663
7.4    -39.68900570190011    -39.74294356700659
7.500000000000001    -39.68820943610425    -39.74215021105135
7.6000000000000005    -39.687422107148    -39.74136559910706
7.7    -39.68664457638798    -39.740590608045494
7.800000000000001    -39.68587757938992    -39.739825976779386
7.9    -39.68512173895485    -39.73907233875393
8.0    -39.68437757686078    -39.738330223809996
8.100000000000001    -39.683645524441815    -39.73760007121476
8.2    -39.68292593212139    -39.73688223959138
8.3    -39.68221907801368    -39.736177014997494
8.4    -39.681525175655864    -39.73548461860521
8.5    -39.680844380997975    -39.734805213636186
8.600000000000001    -39.68017679869445    -39.734138911623404
8.7    -39.67952248777775    -39.73348577807072
8.8    -39.67888146677535    -39.732845837570714
8.9    -39.67825371832398    -39.73221907843042
9.0    -39.67763919333157    -39.73160545685177
9.100000000000001    -39.6770378147331    -39.73100490069656
9.2    -39.67644948087798    -39.730417312956135
9.3    -39.67587406858929    -39.729842574754244
9.4    -39.67531143592304    -39.72928054818845
9.5    -39.674761424661504    -39.728731078839985
9.600000000000001    -39.67422386256323    -39.72819399803799
9.7    -39.67369856539553    -39.727669124940675
9.8    -39.673185338770715    -39.72715626329186
9.9    -39.672683979803935    -39.726655229231454
10.0    -39.67219427861119    -39.726165795847336
10.100000000000001    -39.67171601966167    -39.72568776424849
10.2    -39.67124898299925    -39.72522090668116
10.3    -39.67079294534418    -39.72476501659374
10.400000000000002    -39.6703476810873    -39.72431985494024
10.5    -39.66991296318469    -39.72388520835605
10.600000000000001    -39.66948856396355    -39.723460845061226
10.7    -39.66907425584461    -39.72304654212208
10.8    -39.66866981199013    -39.722642074418545
10.900000000000002    -39.66827500688109    -39.722247218253045
11.0    -39.667889616830394    -39.72186175180178
11.100000000000001    -39.66751342043635    -39.72148545542481
11.2    -39.66714619897959    -39.72111811078729
11.3    -39.6667877367682    -39.72075950726151
11.400000000000002    -39.66643782143248    -39.72040942773867
11.5    -39.666096244174284    -39.72006767498443
11.600000000000001    -39.66576279997112    -39.71973403462668
11.7    -39.66543728773987    -39.71940831475172
11.8    -39.66511951046032    -39.719090313041676
11.900000000000002    -39.66480927526191    -39.718779840836746
12.0    -39.66450639347548    -39.71847671551849
12.100000000000001    -39.664210680653646    -39.71818074274194
12.2    -39.66392195655963    -39.71789175415293
12.3    -39.66364004513116    -39.717609565963926
12.400000000000002    -39.66336477441787    -39.71733401034063
12.5    -39.663095976499456    -39.71706492133926
12.600000000000001    -39.66283348738406    -39.71680213561137
12.7    -39.66257714689327    -39.716545499881505
12.8    -39.66232679853438    -39.71629484399107
12.900000000000002    -39.66208228936559    -39.716050022318164
13.0    -39.66184346985589    -39.715810887078945
13.100000000000001    -39.6616101937437    -39.715577292822914
13.2    -39.661382317897065    -39.71534909594543
13.3    -39.661159702177805    -39.71512615684019
13.400000000000002    -39.66094220930927    -39.714908338747286
13.5    -39.66072970477155    -39.714695507330994
13.600000000000001    -39.66052205666933    -39.71448753110515
13.7    -39.6603191356516    -39.714284281019005
13.8    -39.66012081482233    -39.71408563034035
13.900000000000002    -39.65992696967031    -39.71389145479834
14.0    -39.65973747801308    -39.71370163522802
